-1868165152
89240745
-949536300
1533413513
1538525612
-1478463674
680927359
-1167709562
2108193793
1687364575
-1495349611
1086122536
-1629990323
-214955402
-1019732846
-1655247033
-410936547
156909737
-22375979
-599136505
-1319041744
2047131511
1947293017
1336754950
-454506017
-1974673869
-755186592
-260358156
7057201
1608417384
629465457
-1696261092
1348012074
1576011452
1132902846
-554841542
-1500884981
30399028
-1043807177
571207988
1162614542
-1943712020
-2129419972
995951623
471424265
410106409
-1970944981
493705410
526409507
-1922020016
192101870
-2082378236
-1430343921
-1003348536
1412302342
1519751225
1099119244
-1453706164
1839209980
72614072
-1431222199
-1059019860
823814002
-1169711862
-21079216
-2140726067
928926488
-1976930763
874560939
-1869311361
-767067651
-252586580
-1162421767
-1064111702
-459848203
424997166
1376242666
-2108131020
-238476941
-1245834939
-1247626967
-1417598931
1803771752
607821196
1395014575
1097050532
-1450008997
-1842399924
1958321664
-1609570347
-1662908696
15246742
1438749201
462444143
-837953865
1872788160
805488548
836680591
-47848787
1693760044
1013480455
790401276
1244410653
196966198
-1780132913
-601241850
-2079650222
331063813
1545753733
414715436
-1211509749
-1630013659
-665124293
61913094
837472048
-2123846226
-1674364534
1554926417
1552045273
-876244037
2134499507
599697201
-1824159707
373573406
2031685313
-178263406
1192444752
-1327831804
-771270464
1291551975
-342007072
-918858116
-111393134
1128606828
-811430800
1761241221
69518113
1794344402
1414028445
-328892358
-1376552342
-1094431049
534494127
-1312788862
-350435363
-166149653
823107782
-1294923787
-1047404555
1342546963
